1519238714
1985741188
2541350482
2713988687
1828756548
1487752050
915725295
1360360609
912975836
2579582469
2793771985
1374311801
2776141788
2074458849
1443198403
1480904877
2497939520
2798699522
507121141
1443151992
2801567293
1443205211
1824095794
2801999884
1341909575
1430696790
2690126351
421082877
746276411
1391666951
1889797922
1694746102
769914969
2805260815
1864806514
1888907306
1850129979
2078697715
2783117901
1797955508
1524709610
2224636983
2569302744
1884093217
2806041847
2806405270
2806322273
2797670973
2802844766
2294928430
1584996335
2294924917
1937609328
2806379808
2805637006
2806118641
1853286027
1391105307
2791471629
2660270669
1912406086
1473831264
2800143232
2083213052
1624198404
2717385526
2289251112
2806348157
1445011140
2805406633
2035935554
1423816187
755038169
2445917320
2294927999
2080768583
1358868732
1802812747
1475643195
2786584587
2796997903
1690981081
552944003
1198838345
2021914476
740427209
2711816907
2453482440
1224494253
1269673205
1224533884
2711890280
1269678126
1733316042
2711916571
1269648947
1486726124
800932446
1224500721
1196442662
1196446417
2740603955
1269645715
1797880631
2786697033
1394436101
