520
314344
487
784
732
668
727
249188
747
74109
666
670
82977
82988
82989
82991
82992
82993
158484
35703
57706
1914243
67824
546
67828
545
67829
1563222
1639133
67825
67826
67827
133448
413497
413503
413501
28141
413502
69218
550
208962
562
564
565
1499973
2608867
548
2153354
1134687
571
573
244366
51288
580
1691903
451513
1529639
395631
1855371
1972431
703
61647
584
102862
585
566
1259973
575
577
54736
28901
160434
1851514
621
622
623
624
563
552
69224
79967
65700
665913
549
66269
51229
67780
636
569
638
582
29488
574560
587
516075
588
40578
40576
290110
351673
351671
1873482
290111
351672
351679
333964
290109
1034471
53341
880157
351659
351676
351675
351674
40577
290112
351656
466109
55214
204038
1089444
29471
55207
554
55208
63612
41202
1513468
42906
615
28151
138074
